   1.1653660e+01   1.3553144e+01  -1.1745211e+01   1.7574688e-01   1.0615991e+01
  -3.4796636e+00  -7.6765559e+00   8.9415478e+00   9.5703142e-01  -8.0591885e+00
   5.5274218e+00  -1.3439305e+00  -5.1656409e+00   5.8136959e-01   6.0354583e+00
   1.5819289e+01   2.3451623e-01  -4.4015310e-01   2.4047190e+00   1.2697841e+01
   6.3023574e+00   6.2336298e+00  -4.4382015e+00   6.0353541e+00  -5.6505867e+00
  -1.0529517e+01   2.8160945e+01  -8.2549644e+00   7.1605086e+00   1.4991510e+00
   2.5020656e+00  -1.2919522e+01  -2.9786000e+00   1.2646688e+01  -1.0035589e+01
  -4.8515107e+00  -5.4940282e+00   5.2912890e+00  -5.5230406e+00  -1.4295238e+00
   1.7598746e+00  -9.8875192e+00   1.8587351e+01  -3.9643207e+00  -1.7118033e+00
   4.6555591e+00   1.7242705e-01   9.7175581e-01   8.3373905e+00  -1.3499980e+00
  -3.7490347e+00   1.8822444e+00  -6.1167743e+00   3.1614401e+00   3.0866663e+00
  -1.0308887e+01   3.0663874e+00   1.0708742e+01   7.8034816e+00  -4.9611008e+00
  -5.8161285e-01   3.8926047e+00  -1.4203926e+00   6.2646880e-01  -6.8574230e+00
  -4.0619605e+00  -8.3985985e+00  -2.2106743e+00   3.0112026e+00  -1.1491382e+01
   1.0195102e+01  -1.8549453e+01   1.4258391e+01  -1.3893817e+01   6.4819419e-01
  -3.7899379e-01  -4.1504401e+00  -6.8959066e+00   3.9587064e-01  -5.8058852e+00
  -9.2399673e+00   7.3530858e+00   7.2304981e+00  -3.3165327e+00  -5.5641710e+00
   2.5921933e+00  -2.0454660e+00   1.2811450e+01   9.1781181e-01   1.7446488e+00
  -1.2683972e+01  -1.6002510e+01  -9.1295773e+00  -1.3346104e-01   5.6544948e+00
  -5.3897851e+00   6.3851600e-01  -2.5887881e+00   3.6529631e+00   5.0028651e+00
   1.6709662e+00  -1.0917451e+01   7.9766688e-01   2.2544737e+00  -1.1255270e+01
  -1.8314258e+00  -2.7067711e-01   6.8991787e+00  -1.4114907e+01  -3.5252957e+00
  -9.0446977e+00   9.9067690e+00   8.6809708e-01   1.5202093e+00  -8.1880154e+00
   1.1776123e+01   3.2843921e+00  -3.4313211e+00  -5.4023052e+00  -5.2129684e+00
   2.1530915e+00  -1.6423726e+00   3.7894494e+00   5.0872492e+00   3.4174721e+00
   7.6814170e-01  -4.1055763e+00   3.3752745e+00  -2.1838460e+00  -3.1182520e+00
   4.8710305e+00   6.2293669e+00  -3.7311334e+00   5.2497154e+00  -8.7389003e+00
  -2.2847648e+00   2.5939224e+00  -1.7370266e+01   6.2082245e+00   4.4628133e+00
   4.2910676e+00   5.8986977e+00  -1.9059276e-01  -6.5615558e+00  -3.1193979e+00
   7.6103495e+00   1.2856508e+00   3.3625376e+00   8.4719963e+00   9.1034999e-02
  -1.1118094e+00  -2.8251581e+00  -2.9552630e+00   1.0181231e+01   9.5964719e+00
   4.3821779e+00  -1.2798773e+01  -8.1673891e+00  -4.4744155e+00   1.5692959e+00
  -2.1860462e+00  -2.7184086e+00  -3.0126596e+00  -9.3424887e+00   8.8194517e+00
  -1.5988848e+01   2.3240750e+00   5.9380572e+00   7.2159559e+00   8.8288268e+00
  -1.1657556e+01  -1.4239758e+01  -2.9633490e+00   2.5358198e+00  -2.5919701e+00
   1.9175178e+00  -1.7977130e+00   7.6849324e+00  -5.8939224e+00   1.4115239e+00
   9.4003893e+00  -1.0896303e+01  -4.2099146e+00  -1.9762919e+00   5.7117642e+00
  -7.8476395e+00  -4.9720500e+00  -3.0704343e+00  -1.0622927e+01   3.3967762e+00
   2.4670654e+00   4.3499087e+00  -3.0478143e-01   8.7453716e+00  -1.6059274e+01
  -5.6018891e+00   1.9074301e+00   5.5551011e+00   8.6704188e+00   1.1507383e+00
   1.1916646e+01   5.5368135e+00   7.4967941e+00  -1.3626061e-02   2.0482292e+00
  -1.0243964e+01   4.8757917e-01   1.9540266e+01  -1.2917892e+01   1.3383009e+00
  -3.3931778e+00  -9.0277059e-02  -3.3067881e-01   1.5574367e+01  -3.1835608e+00
  -5.9070416e+00   3.0784783e-01  -1.1655528e+01   2.5773963e+01   7.6566580e+00
   1.4259204e+00  -2.2450205e+00  -2.4771127e+00   3.3367572e+00  -5.2555570e+00
  -1.1306656e+01  -4.7978006e+00  -6.3794946e+00  -4.9650394e+00  -1.4404086e+01
   1.2690998e+01  -9.2408200e-01   4.2326599e+00  -1.1854178e+00   7.8578220e+00
   4.3359384e+00  -7.2957171e+00  -1.9775731e+01   7.5784519e+00  -6.2924165e+00
   4.4391273e+00  -2.7937410e+00   6.4953143e+00  -3.6746861e+00   2.7992902e+00
  -4.6922971e+00   5.8086066e+00  -1.2153110e+01   4.4609290e+00   1.4331905e+01
  -1.1952557e+00   7.3568640e+00  -5.2260660e+00  -1.1510509e-01  -2.2570256e+00
  -1.1639477e+00  -7.2833550e-03   2.7541047e+00   3.2435371e+00  -1.7444828e+00
   1.2190526e+01  -5.7227100e+00   3.6094354e+00   1.5338000e+00   1.1439905e+00
  -4.5383425e+00   3.9117677e+00  -1.3591873e+01   6.1575204e+00  -2.1942244e+00
   6.7116999e+00  -4.4727994e-01   1.3637321e+00   4.5019991e+00   6.6452882e+00
   2.6623428e+00  -8.0586463e+00  -4.4480645e+00   6.1378645e+00   4.1034691e+00
   6.0502707e+00  -2.5081248e+00   7.1144668e+00  -1.0244747e+01   5.3902121e+00
  -3.8980422e+00  -8.7439553e-01   7.5009339e+00   9.2664265e+00   6.2471593e-01
  -2.9070201e+00  -9.9709243e+00   2.0303469e+00  -8.3749676e+00   2.5385288e+00
  -1.0054801e+00  -6.7988340e+00   9.6173532e+00  -6.8004458e+00   9.0287584e-01
  -1.9065569e+00   1.0469792e+00  -4.7399737e+00   2.7711497e+00  -1.2568104e+01
  -2.4920888e+00  -1.1412409e+00  -3.5529553e+00   8.3507359e+00   4.3024429e+00
  -1.2849653e+01   4.8635003e+00  -1.9120312e+01   8.1755524e+00  -3.6413464e+00
   1.3435227e+00   6.9595868e+00  -1.1898668e+01   2.1943712e+01  -5.7995044e+00
  -7.5256228e+00   9.6561940e-03   5.2662540e+00  -2.0465485e+00  -4.9202077e+00
   5.5931712e-02  -1.6045532e+00   2.6183057e+00  -4.1086152e+00  -3.0209211e+00
   7.2105605e+00   3.6247870e+00   1.7926377e+00  -4.9402557e+00   4.5149588e+00
   3.0019606e+00  -1.2112544e+01   8.4003640e+00  -1.0809736e+00   8.0903271e+00
   5.8820680e+00  -1.0553645e+01  -6.7885830e+00   8.0828586e+00  -1.8245678e+00
  -8.1137664e+00   1.0131265e+01   3.5355469e+00  -6.3372101e+00  -3.2588507e+00
  -1.4483977e+00   9.1167264e+00   8.3271431e+00  -1.6780436e+01   4.2804531e+00
  -1.0648565e+01   7.8497358e+00  -7.8697255e-01   5.3103367e+00   1.4037331e+00
   8.0538147e+00  -3.9714722e+00  -2.1300707e-01  -1.0478423e+00   3.6161840e+00
  -2.2726737e+00  -5.4729883e+00   2.0881108e+00   4.7190356e+00  -4.7830655e-01
   6.3993587e+00  -1.9750953e+00   4.7189319e+00   3.2099275e+00  -7.1718477e-01
   3.2054427e-01   4.8870382e+00  -1.6457861e+01   7.6233275e+00   9.4578744e+00
   5.0913376e+00   2.5163875e+00  -5.3167268e+00  -9.4430634e+00  -8.3598971e+00
   6.2962930e+00  -6.1100407e-01   4.9346027e+00   6.3836845e+00   2.9179948e+00
   1.2085657e+01  -1.5287460e+01   3.6608893e+00  -6.4257861e-01  -2.1380238e-01
   2.7260044e+00   4.4010565e+00  -8.0241113e-02  -7.7245353e+00   4.4318758e+00
  -4.1172142e+00   6.3037823e+00  -8.4050103e+00   8.7839938e-01  -1.6125699e+00
   2.0099748e+00  -5.3003990e+00  -1.4414048e+01   2.6933610e+00  -1.1829373e+00
  -4.8371684e-02   3.1868771e+00  -1.7037588e+00  -1.5184495e+01   2.9962334e+00
   9.1904237e-01   3.2957271e+00   6.4291447e+00  -1.4025285e+01   1.5907508e+01
  -6.1294141e+00   5.5471376e-01   3.9242837e+00  -1.9670338e+00  -2.7089910e+00
  -1.2227337e+01   2.1107415e+00  -2.0227642e+00   1.1038870e+00   7.0286061e+00
  -4.2003778e+00  -4.8111626e-01   1.0523233e+01  -2.7740156e+00   4.3780569e+00
  -2.1633822e-01   9.5622675e+00   1.2069335e+01   1.2149020e+01  -5.4298346e+00
  -6.8216055e+00   2.6546115e+00   3.8751122e+00  -1.6336293e+00   8.7041526e-01
   8.6840252e+00   3.4626124e-01  -3.2862777e+00  -8.8913296e+00   9.9412198e+00
   1.6736448e+01  -5.3504860e-01  -1.9861699e+01   2.4008093e+00   1.3154996e+00
   1.0160027e+01  -4.0969297e+00  -9.4486138e+00   5.8952874e+00   8.0439986e+00
   8.7041584e+00   1.8939517e+00  -3.5871315e+00  -8.0957679e+00   8.7027400e+00
  -3.2283493e+00   3.3439027e+00  -7.6971515e+00  -5.6523023e+00  -2.0669975e+00
   1.5762516e-01  -7.3567454e+00   8.2321437e+00  -3.4322824e-01   4.6279827e+00
   3.1385038e-01  -5.4148946e+00   4.6512451e+00   7.4220935e+00   1.3118968e+01
   4.3218144e+00   4.0710554e+00  -9.2722159e+00   1.4934176e+01  -1.4519183e+00
   2.6694371e+00   3.6941076e-01   6.9942616e+00   2.9072375e-01  -3.6866291e+00
   5.8636711e+00  -6.1458877e+00  -1.9203471e+01  -2.0399432e+00   2.6595686e+00
  -1.2989182e+00   1.3576747e+01  -6.2066636e+00  -6.7168624e-02   3.8420189e+00
   1.3666445e+01  -3.4759449e-01   4.8402638e+00   7.3252053e+00  -3.8529418e+00
   2.5463433e+00   1.0237193e+01  -4.3639196e+00   2.6681086e+00  -7.3319887e+00
   1.9007925e+00  -4.0436254e+00   7.5262485e+00   1.2121622e-01  -3.6211607e+00
  -1.0697188e+00   7.6358053e+00  -1.0158485e+01   1.6005952e+00   1.1801805e+00
  -4.5575378e+00  -3.7442803e+00  -1.1680108e+01   4.7206053e+00  -7.4634466e-01
   7.9200216e-01  -5.6960544e+00   1.3420246e+00  -5.7583601e+00  -4.4267253e+00
  -7.8090452e+00  -1.1191248e+01  -1.6355429e+01   1.5391119e+01   6.3678495e+00
   1.4728521e+00   3.0389528e+00   5.3778908e-01   1.0022690e+01   5.5762401e+00
  -4.0824183e+00   7.3362464e+00  -5.0738156e+00  -1.4668512e+01  -5.1677342e+00
  -2.8536997e-01   5.4787543e+00   2.9574439e+00  -8.7335095e-01  -6.1587536e+00
   3.0628233e-01  -6.7765578e+00   3.6096135e+00   1.2655561e+01  -2.2410519e+00
  -3.7189411e+00   5.9825245e+00   1.8412012e+00  -1.6322376e+00  -3.8047532e+00
  -6.4578317e+00  -1.7052213e+00   8.8502496e+00   4.1964158e+00  -1.2504885e+00
  -7.3512771e+00   1.1390085e+01   5.0136759e+00   1.2762491e+00  -7.1719504e-02
  -1.4661341e+00  -1.3867320e+00   1.7460210e+00   1.4460413e+01  -1.9050614e+00
   7.2397543e-01   6.3084372e-01   8.2926329e+00  -5.6712472e+00  -2.6989842e+00
  -7.7863087e-01  -4.2003922e+00  -1.2454413e+01  -9.3050304e-01  -6.5710981e+00
  -7.4373209e+00   4.4685681e+00   1.3819207e-01  -3.4734656e+00   1.4395247e+01
   5.7295980e+00  -5.0198073e+00   1.3570143e+00   8.9191188e+00  -3.3979167e+00
  -1.6210670e+00   1.3660022e+01  -3.2485515e+00  -3.6603251e+00  -2.7587482e+00
  -3.4052197e+00   8.9939338e+00  -3.5643800e+00  -9.6248550e+00  -1.2106777e+00
   8.6711554e+00   1.3112042e+01  -1.3089065e+01  -2.3746913e-01  -1.7105812e+00
   4.2552458e+00   1.5500417e+01   6.6829580e+00   2.2717785e+00  -1.8737933e+00
   4.3931252e+00  -3.2260160e+00  -1.5095413e+01   9.2826032e+00   3.4115140e+00
  -1.4413753e+01   5.7256142e+00   2.6756703e+00   5.3512230e+00   5.7876110e+00
  -1.0144696e+00   2.4367484e+00  -8.4246733e+00  -8.7842768e+00  -4.4803378e+00
   1.3862028e+01  -5.0686567e+00   1.8493799e+01  -1.4606623e+01   4.1433008e+00
   6.3253621e-01  -1.3597160e+01  -5.2254808e+00   1.2040816e+01   6.2351807e+00
   1.0810933e+00  -1.1518270e+00   7.7716729e+00  -6.3681104e+00  -3.7068222e+00
  -7.2244021e+00   5.1676812e+00  -5.2524879e+00   6.0013605e+00   9.3563008e+00
  -4.8330552e+00  -8.8629978e-01  -9.5829695e+00  -1.1374128e+01  -3.7484164e+00
   1.2334017e+00   1.5414009e+01  -5.6423579e+00  -3.3332240e+00   1.3684339e+00
   5.4589150e+00  -1.4030067e+01  -4.4138997e+00  -8.7392379e+00   1.3687252e+01
  -8.4636641e+00   1.3866016e+01   1.3914089e+01  -3.6536519e+00  -3.6687416e+00
   1.1921956e+01  -4.4362034e-01   2.9219192e+00  -2.0827049e+00  -3.7621146e-01
  -1.6401001e+00   3.1139306e+00  -2.8440114e+00   1.3029901e+00   1.3039433e+00
   4.6289228e+00   1.2435933e+01   1.6543678e+01  -9.2206443e+00   5.1044488e-01
  -8.3286442e+00  -3.2300443e+00  -1.0669595e+01   1.7748349e+01  -1.2626750e+01
  -5.2494488e-01   2.7274795e+00  -1.0072975e+01  -1.7392951e-02  -9.6141872e+00
  -9.9565960e-01   4.7654594e+00   4.6138316e+00  -1.3668430e+01   7.8464529e+00
  -5.8044795e+00   4.7676757e+00  -1.1679353e+01   8.1610711e+00  -4.5921092e+00
   6.2414205e+00  -5.6061683e+00   1.2842302e+01  -3.2598919e+00   9.8386616e+00
  -6.4190629e-01   2.4912835e+00   1.0081869e+01   3.3684435e+00   1.0546772e+00
   3.9501282e+00   1.7338644e-01  -1.2223380e+01   7.0716671e+00   5.8454483e+00
   1.8634360e+00  -1.0070183e+01   1.2145708e+00   5.5798933e+00   4.4803801e+00
   7.1355370e-01   1.8771435e+00   6.0344827e+00  -5.6180261e+00  -4.7994129e+00
  -1.4009875e+01   3.9195803e+00  -4.8473615e+00  -1.9337751e-01  -4.9768435e+00
   2.1348807e+00   7.6990404e+00   3.6136133e+00  -8.9614797e+00   4.5268199e+00
   1.2278042e+01   1.5625911e+00  -3.5226091e+00   3.6190151e+00  -1.2559468e+00
  -1.2327787e-01   3.0558839e+00   6.0916754e+00   1.6857112e+00   4.8416442e+00
  -4.5557490e+00  -1.2478242e+01   1.1251338e+01  -1.1831681e+01  -6.0110440e+00
  -3.0700502e+00   7.6349743e+00  -6.8702631e+00   6.8244091e+00  -8.8385346e+00
  -1.3832512e+00  -2.3929130e+00   7.4930567e+00  -5.7292307e+00   2.7281595e+00
   1.9760418e+00   9.5226071e+00  -9.3288837e+00  -1.1046411e+01   1.3859233e+01
   8.0850324e+00  -8.5532492e+00   2.8037828e+00   1.5923945e+00   5.5735674e-01
   9.5553024e+00   6.7749272e+00  -2.6132837e+00   8.2305609e+00  -1.2513755e+00
  -1.4392924e+01   1.8890188e+00  -1.2070073e+01  -2.7164056e-01  -1.1707572e+00
   7.3671351e+00   9.7933927e+00  -3.9005930e+00  -5.3971081e+00  -6.0172986e+00
  -8.0884128e+00  -2.3726714e+00  -4.1770589e+00  -3.7600700e+00   1.2376204e+01
   1.3882935e+01  -3.9206390e+00   6.6604311e+00  -9.7969858e-01   9.5424971e+00
   2.8894469e+00   6.9735294e+00   4.0655964e+00  -1.6093596e+01   7.6218264e+00
  -6.6802773e+00   2.3365112e-01  -1.1290426e+01   5.3859415e+00  -3.0718011e+00
  -1.3685685e+00  -7.2307344e+00   5.2054545e+00   7.5249226e-02  -9.6140080e-01
  -5.9350368e+00   1.0949787e+01  -6.6815798e+00   1.0900553e+01   1.7804152e+00
   5.4290428e+00  -5.3396674e+00  -1.3624046e+01  -3.6261464e+00   5.8831738e+00
  -6.8988069e-01   1.0639480e+01  -9.6934081e+00   1.3275311e+01   4.6987633e-01
   1.1457610e+00   1.0198507e+01  -6.9781570e+00  -1.9640525e+00  -6.1187710e+00
  -9.0011067e+00   4.0600116e+00  -1.8088290e+01   2.3510366e+00  -3.5273797e+00
  -2.3184732e+00   1.3279100e+01   4.8946337e+00  -9.3060502e+00   8.6740000e+00
   2.2643127e+00  -4.2101936e+00   1.0870549e+00  -4.9975785e+00  -6.2862415e+00
   4.3077347e+00  -7.0706782e+00   4.1345067e+00  -2.7774388e+00   1.5989105e+01
  -1.9632524e+00  -5.7015346e+00   1.2702863e+00   5.4506949e+00  -7.9340019e+00
  -6.1449747e+00   7.4557780e+00  -6.1498980e+00   1.6162753e+00  -9.2407730e-01
   6.1200672e+00  -3.6640277e+00  -8.5908614e-01   4.3139954e+00   3.2612040e+00
  -1.0458639e+01  -6.8506630e+00  -3.0095310e+00   1.7335788e+01  -1.3580250e+00
  -1.5745574e+01   7.2135571e+00  -7.3131969e+00  -9.0006268e+00  -1.4298276e+01
  -1.2407493e+00   1.2416990e+00   4.4639508e+00  -4.5016241e+00   8.7015158e+00
  -9.3971937e+00  -8.9460640e+00  -1.3639121e+01   5.5262479e+00  -2.4603751e+00
  -5.7363498e+00  -2.0408286e-01   1.8081789e+00  -2.5381043e+00  -2.6858095e+00
  -1.3747756e+00   1.2255760e+01  -8.9282774e+00   7.6563043e+00   2.5016218e+00
   8.4818195e+00   1.3586546e+00   1.5160502e+01  -4.3973243e+00   5.6198293e+00
  -2.3194661e+00   8.3700695e-01   8.6198591e+00  -2.1918168e+00  -8.5846486e+00
  -1.0495875e+01  -4.5074960e+00  -5.3028585e+00   8.5635738e+00  -8.2654551e+00
   1.2665883e+00   3.5318521e+00  -8.2902489e+00   1.5409790e+01   3.2604501e+00
  -1.0523243e+01   3.8061530e+00   1.5104630e+01  -4.7036685e+00  -7.2914505e+00
   7.4846666e-01  -1.3905968e+00   4.7805113e-01  -1.0226336e+01   4.7767552e+00
   3.1072315e+00   1.4270503e+01   9.5501666e+00   1.4577527e+01   2.0119891e+00
   2.3932254e+01   1.5169882e+01  -8.6998759e+00   2.9874620e-01   1.1727100e+01
  -4.6992247e-02   1.1022959e+01  -6.9527499e+00  -1.1274661e+01  -4.8803750e+00
  -2.5175025e+00   1.5383460e+01  -4.3855026e+00   2.1301688e+00   9.5748088e+00
   6.7177562e+00   8.2795839e+00  -7.6327379e+00  -7.4374986e+00  -3.9845730e+00
  -5.0274381e+00   1.3541828e+00  -1.3130801e+00  -4.7742896e-01  -3.5533248e+00
   1.7780272e+00  -5.7257582e+00  -1.0121889e+01   4.5332007e+00   2.7658156e+00
  -1.4333500e+01   2.0318481e-01   5.2836376e+00   5.5010858e+00   2.5187127e+00
  -2.6493636e+00   3.0844590e+00  -7.5843786e+00  -6.9397716e+00   9.8373362e+00
   3.5372588e+00  -6.9670117e+00  -3.1461202e+00   1.0375336e+01  -2.4089959e+00
  -4.2854673e+00  -2.1617049e-01   1.5339229e+01  -1.3937317e+01  -5.8453908e+00
  -9.6665864e+00  -1.8561226e+00  -3.9031810e+00  -1.1534705e+00  -7.4867520e+00
   1.2483005e+01  -6.6560282e+00  -9.7117195e+00   1.6388223e+00   2.8015036e+00
   9.2769673e-01  -5.4229654e+00  -2.2897647e-01   1.3420276e+01   4.8643043e+00
  -3.4076740e+00  -4.6885836e+00   1.0080968e+01  -5.3340517e+00  -2.0851615e+00
  -2.0901777e+00   6.8245559e+00  -6.0853962e+00  -8.6116854e+00   4.5499573e+00
  -8.3210418e+00   7.5440194e+00  -4.4668956e+00  -1.1209944e+01  -3.8159964e+00
  -1.2022001e+00   6.5826592e-02   1.0732467e+01  -6.2992671e-01   6.4534530e+00
  -7.2624227e+00   1.2065615e+01   8.7635748e-01  -2.2102889e+00  -5.2356531e+00
   1.1625551e+01   1.3932303e+01  -8.1377439e+00   7.7914140e+00  -1.0697886e+01
   8.3527996e+00  -9.1226290e+00  -4.2660714e+00  -8.5175870e+00   1.3617963e+01
   1.1371281e+01  -3.9584523e+00   6.4556176e+00  -7.3398568e+00   7.2116306e+00
  -7.3394660e+00  -2.3027774e+00   5.5537296e+00   1.1393581e+01   1.8613411e+00
  -4.8689094e+00   3.6100917e+00  -5.4649775e+00   1.1314579e+00  -7.3521719e+00
   1.5806340e+00  -7.8972176e-01  -1.7704040e+01   1.9301728e+01   1.7178247e+01
  -3.8273970e-01  -8.1192809e+00   2.2308815e+00  -5.7573268e+00   3.9296731e-01
   1.0422397e+01  -5.9286024e+00   5.0040824e+00  -1.6064950e+01   3.4531289e+00
   1.4533857e+00  -6.3583686e+00   6.6172615e-01   6.1878858e+00   4.0526565e+00
  -1.1928592e+01   2.6521956e+00  -4.6459618e+00  -6.8709576e+00  -5.2209627e+00
   4.4431594e+00   2.6756131e+00  -1.8893959e+01   4.3707689e+00   1.2256280e+00
   5.2413534e+00   5.8104026e+00  -9.1128292e+00   1.5956348e+01   3.2337544e-01
   8.8417845e+00  -3.4740975e+00   7.6796890e+00   9.9184422e-01  -7.5773724e+00
  -6.0452100e-01  -4.6253103e+00   1.3693815e+01  -7.0325253e+00  -2.3734436e-01
  -1.2667856e-02  -4.8199801e+00  -7.4401218e+00   4.9134769e+00   1.3943811e+01
   3.5257507e+00   1.0165588e+00   6.8092154e+00   1.5231709e+00   2.7501388e+00
  -6.1190982e+00   4.4965798e+00   6.7407811e+00  -8.7761317e+00   8.3311416e+00
  -4.2870370e+00  -1.7050472e+00  -3.6584125e+00   4.5451791e+00  -1.1728649e+00
   2.0213116e+00  -1.0490098e+00   1.1522152e+01  -1.3344289e+01  -8.4709061e-01
  -1.6408800e+01   5.5602125e+00  -2.9133953e+00  -7.5341819e+00  -3.3305465e+00
  -1.2595693e+00  -8.6655554e+00  -5.0243646e+00   5.3579482e+00  -9.0985034e-01
   3.8118654e+00  -3.3505385e+00  -1.1652908e+01  -1.2544977e+01  -4.9460337e+00
  -1.1159290e+01   4.0660801e+00  -5.6078382e+00   7.5108278e+00  -1.0819173e+01
  -4.0461461e+00   1.3535085e+01   3.3958235e+00  -7.1890127e+00  -5.1437274e+00
  -5.0615394e+00   5.5537357e+00  -9.6060085e+00  -3.7737767e+00  -9.6532588e+00
   3.6924101e+00   6.3871721e-01  -5.6322320e+00   4.9332036e+00   2.8178457e-01
   5.8735652e+00   3.2230175e+00  -6.9418179e+00   1.2170045e+01   5.0163980e+00
   9.2939935e+00  -7.7003372e+00   1.5293505e+01  -3.3400745e+00   1.5018691e+00
   1.3208519e+01   2.6758248e+00  -1.1892642e+00  -1.0170464e+01  -2.6207353e+00
   4.9030016e-01   2.8398339e+00   3.1347368e+00  -1.3197426e+00   5.3662674e-01
   1.2351499e+00  -8.7854283e+00  -2.2294567e+00  -2.3546321e+00   1.5706993e+00
   1.5124681e+01   3.2464179e+00  -9.8631080e+00  -4.4954125e+00  -1.8346230e+00
  -1.3194943e+01  -6.1122752e+00  -1.2494492e+01   4.8995849e+00  -6.8930393e+00
   7.1296687e+00  -8.3119453e+00  -5.7555394e+00  -1.7530107e+00   7.0329157e-01
  -5.4891933e+00  -1.0630150e-02  -7.9363505e-01   1.7984959e+01  -2.6138993e+00
  -4.0686553e+00   2.2398322e+00   3.3440043e+00   2.0971086e+00  -4.9909616e+00
  -2.2296066e+00  -6.1163371e+00  -4.7014639e+00  -2.9814776e+00  -6.7698288e+00
  -4.3989399e+00   3.6645568e+00   2.7175975e+00   8.4746428e-01   1.4278571e+00
   1.7983173e+01  -1.8291767e+01   4.8725687e+00  -2.3204640e+01   4.5753385e+00
   1.0358159e+00   3.2635201e+00   6.6496916e+00  -6.9869283e+00  -4.9090334e+00
  -3.0088295e+00   1.1359553e+01  -7.3089112e+00  -4.2865339e+00  -1.6675033e+00
  -4.9119403e+00  -7.5565437e+00  -3.6637505e-01   1.3762290e+01  -1.0534638e+00
  -2.6401503e+00   1.4737064e+00  -2.5396094e+00   9.7570218e-01   2.1354987e+00
  -2.2209597e+00  -9.5041584e+00  -1.9540053e+00  -9.9188676e+00   1.2075570e+01
  -4.6496552e-01  -9.9839666e+00   8.1907399e-02   1.7059003e+00  -3.3042263e+00
   2.1989721e+00   1.2050114e+01  -2.9305238e+00   6.4668691e+00  -9.2043297e+00
   1.6639705e+01  -8.9052562e+00   5.9234527e+00  -5.4979866e+00   1.4865407e+01
   6.3499179e+00  -5.7037919e+00   3.5862163e+00   9.1465454e+00   5.8175738e-02
  -1.3138391e+01  -1.1639869e+01   5.7897374e+00  -4.0855358e+00   2.7886290e+00
   1.9894076e+00   2.1676239e+00  -1.4262983e+01  -3.3284421e+00  -1.4908122e+01
   9.9013850e+00   3.7745527e+00  -2.9852398e+00  -1.7185417e+01   6.3672332e+00
  -1.5711575e+00   7.6646460e+00   7.5860715e-01   1.0235138e+00  -5.4426933e+00
  -1.5046946e+01   6.4714964e+00   4.3129043e+00   1.2065052e+00  -5.5609932e+00
  -1.9791180e+00   1.1804615e+01   1.6868088e+00  -6.3858648e+00   2.1827461e+00
  -2.1697485e+00   2.5536437e+00  -1.3547734e+01   9.2047195e+00   3.5811875e+00
   3.5705867e+00   1.0835584e+01  -1.7165169e+01  -4.0423685e+00   5.0640534e+00
  -3.8042967e+00  -1.6134445e+00  -1.2227025e+01   8.0252506e+00   4.5479709e+00
  -1.2586847e+01   1.1849547e+01  -7.4029484e-01  -7.2176661e+00   4.2805403e-01
   5.0670898e+00  -6.9314100e+00  -3.2848167e+00  -8.4023910e+00  -9.7309401e+00
  -6.7595072e+00   9.5871119e+00  -7.0613173e+00  -1.0367030e+01  -6.3716293e+00
   1.0590704e+01   2.5495459e+00   7.1614988e+00   5.4280924e+00  -4.0811510e+00
   5.4968688e+00  -5.6201051e+00   3.0516529e+00  -8.0688339e+00   1.4948431e+00
  -2.3775475e+01   8.8618024e+00   2.9611196e+00  -1.8792019e+01   9.5142564e-01
   2.6827879e-01   5.0012182e+00   7.9027786e+00  -9.3274914e+00   9.5470100e+00
   5.2827047e+00   5.6572714e+00  -5.7831314e+00  -2.5983264e+00   7.5194770e+00
   6.7001245e+00   2.3950670e+00   1.4335153e+01  -4.0745861e+00  -1.1269032e+01
   3.0173587e+00  -7.8987426e+00   3.5127149e+00   4.7091832e+00   2.1893874e+00
   8.9933737e-01  -2.4761107e+00  -9.0156121e+00   1.3361358e+01  -9.7923676e+00
   3.2478027e+00   2.8016403e+00  -6.9105103e+00   1.4430498e+01   3.4644400e+00
  -5.2329419e+00   1.3866818e+00  -1.6597269e+01   1.0712681e+01   2.3730935e+00
  -7.0885266e+00  -1.0342231e+01   1.2112025e+00   1.8407110e+01  -1.1292385e+00
  -2.6847920e+00  -2.3590759e+00   6.9027137e-01   7.7703971e+00  -9.3221565e+00
  -9.2173449e+00   5.5081311e+00  -8.5333186e+00   7.7869440e+00  -2.1226235e+00
  -4.3289088e+00   2.1234606e+00   2.7468231e-02  -1.5645109e+00  -1.1214640e+01
   2.8799385e+00   1.1526439e+01   9.0609809e+00  -5.8143880e+00  -7.1196551e+00
  -9.9914995e+00   2.1085179e+00  -3.9416266e-01  -3.6486231e-01  -2.8671916e+00
  -2.7466223e+00  -2.0732584e+01  -3.4974120e-01   1.5186287e+00   1.9467426e+00
  -1.7579540e+01  -1.1193203e+01  -4.8803791e+00  -4.3138179e+00   2.4364605e+00
  -3.2647798e+00   8.8662791e+00   2.8210610e+00  -9.6016001e+00   3.4745973e+00
   6.9913847e+00  -6.2389969e+00  -5.3721639e+00  -4.5188681e+00   4.6472063e+00
  -1.3300395e+01   1.5641385e+01  -3.2310056e+00  -4.3432454e+00  -7.3178608e+00
  -1.7533767e+00   1.2266319e+01  -1.5839447e+00   2.4550329e+00  -1.0138531e-01
   2.0783544e+00   6.2378548e+00  -1.2421034e+01  -2.8233875e+00  -1.0466232e+00
   8.9020650e+00  -9.8200499e+00   1.4652364e+01  -4.6232318e+00   2.3022571e+00
   6.1089295e-01   3.5232621e+00   1.2618374e+01  -2.0187950e+01  -6.1496314e+00
  -3.2203739e+00   5.1466131e+00   4.1646824e+00   1.8020406e+01  -8.0715134e+00
  -5.5439036e+00  -4.4252809e+00   9.2756334e+00   2.0835947e-01  -3.0080655e+00
   6.5689329e+00  -5.6828396e+00   2.8624888e+00   2.9654378e-01   8.0644089e+00
   3.5656855e+00   2.8524394e+00   2.2622624e-01   3.6564170e+00  -9.4914084e-02
  -2.4459949e+00  -1.1721146e+01  -2.0020176e+01   1.6428136e+01   7.2157265e+00
   5.5000821e+00   1.9321512e+00  -7.4896789e+00   4.8667408e+00   1.3661373e+00
  -5.1008902e+00  -7.8568138e+00   1.2010049e+01  -7.5175988e-01   1.4503495e+01
   5.1597733e-01  -3.1791010e+00   1.5283239e+00   3.8592453e+00   9.1930440e+00
   1.0098130e+01  -1.3757152e+00  -5.9175702e+00   8.5601063e+00  -5.4719573e+00
  -3.4709291e+00  -1.3733555e+01   6.1116552e+00   5.4030155e-01   3.0825274e+00
   3.0176924e+00  -8.6647154e+00  -1.2811874e-01   2.7100644e+00   2.8939485e+00
   5.4420267e+00  -1.0708336e+01   5.6990589e+00   1.0289852e+01   6.2790431e+00
  -4.3291588e+00  -1.0978824e+01   8.4288479e-01   3.7243380e+00   7.3373381e+00
   1.1328991e+01   6.8431180e+00  -5.3548353e+00  -1.4999887e+00   5.0025820e+00
   3.6119957e-01  -7.5288224e+00  -8.5530874e+00   8.9596544e+00  -5.3806939e+00
   2.1294902e+00   9.8844368e+00   6.9426479e+00  -1.4856212e+01   7.6303785e+00
   9.5886832e+00   4.2123803e+00   1.3781768e+00  -5.4441454e+00   2.9654212e+00
  -8.3491131e+00   9.5157674e+00   4.0296481e+00  -2.0839700e+01  -8.1574886e-01
  -1.4262331e-01  -1.2935631e+00  -8.5010201e+00  -6.0446006e-01  -9.8019086e+00
   5.6340847e+00  -2.5759734e+00  -1.2508193e+00   7.1936051e+00   4.9368298e+00
  -4.8764283e+00  -5.2520801e+00   1.4155082e+00  -1.6071495e+01  -3.4158954e+00
   1.6081332e+00  -9.0276900e+00  -3.8331339e+00   2.8611490e-01  -4.2590556e+00
  -5.1737522e+00  -6.6550352e-01   8.2103917e+00   1.5174345e+00  -2.8633269e-02
  -8.2986094e+00   1.2058195e+01  -5.9147337e+00  -2.0880287e+00   7.1335253e+00
   7.0520016e+00  -2.7937986e+00  -9.0215939e+00   1.8169936e+01   4.2919058e+00
  -4.8086822e+00  -1.0386740e+01  -8.0597121e+00  -3.9408674e+00   1.7642306e+00
  -4.9620474e+00  -1.7880097e+00   2.4341529e+00  -1.9628660e+00  -7.8170849e+00
  -1.3599593e+00  -1.1829808e+01  -2.9087757e+00  -7.5378973e+00  -7.4024862e-01
   2.8315388e+00  -1.6413718e+00  -1.0188178e+01   3.3471485e-01  -5.3420119e+00
  -1.7567528e+01   7.2088943e+00   1.0030594e+01  -5.4121023e+00  -1.0695630e+00
  -5.9813392e+00   2.6244947e+00  -4.7852311e+00   6.2282795e-01  -5.7564239e-01
   1.1233914e+01  -3.1945903e+00  -8.0748250e+00   2.6850108e+00  -7.8929053e+00
   3.1811307e+00   1.1842567e+01   5.2247210e+00  -1.1778144e+01  -3.2189310e+00
   1.0294178e+01  -3.2101124e+00   7.2131726e+00   6.6191398e+00  -2.1080589e+00
  -6.9856840e+00   8.3498203e-01  -5.8748428e+00   9.2338357e+00  -8.5685268e+00
   1.4635869e+00  -4.0281733e+00  -4.5423640e+00  -9.0545031e+00   1.7017574e+00
  -8.0965485e+00  -2.8249963e+00   3.4684288e+00   4.1967592e+00  -1.0144739e+01
  -8.9937348e+00   5.6407354e-01  -2.8743805e+00  -5.3670617e-01   1.3792468e+01
   3.7421787e-01   3.7243945e+00   1.0895929e+01   1.4423042e+00  -7.2602162e+00
  -4.7824882e+00   2.7857880e+00   2.5943795e+01  -1.4022285e+01   1.0838998e+01
   1.0366601e+01  -5.3921389e-01   1.5868340e+01  -1.3919724e+01  -2.8923716e+00
   1.6149873e+01  -1.2336178e+01  -7.7347349e-01  -7.4567256e+00   5.5139716e+00
  -4.3526057e+00   2.2788157e+00   3.6357001e+00   1.0041438e+01  -1.4899242e+00
   7.3765349e+00  -2.6336604e+00   3.5863831e+00  -3.9353619e+00  -9.1160329e+00
   1.4386315e-01  -1.9571947e+00  -1.9827330e+00   2.2462540e+00   2.8256319e+00
  -9.1058343e+00   8.7023453e+00   5.3852387e+00  -1.0890866e+01  -5.3509451e+00
  -3.6292891e+00  -3.0834515e+00   2.6955013e-01   1.6653961e+01   2.4386853e-01
  -3.2466817e+00   5.7365830e+00   3.2454227e+00   8.1436337e+00   6.2578874e+00
  -6.0143229e+00  -3.4104691e-01   8.9611495e+00  -8.9038104e+00   7.6790947e+00
   3.4542773e+00   1.1428997e+01   2.5627905e-01  -9.1882261e-01  -4.6190298e+00
   4.2254936e+00  -6.2174834e+00   4.0822706e+00   2.1453441e+00  -6.5654289e-01
   1.1894393e+01   1.2552385e+00   7.5257645e+00  -2.0566880e+00  -1.1144562e+01
  -1.2214424e+01   9.2686157e+00  -1.4291984e+01   3.9097906e+00  -5.2434753e+00
   4.7411402e+00   1.6555953e+00   2.9418909e-01   5.6347477e+00  -1.6393921e+01
   3.0666482e+00  -9.4041645e+00  -1.7543799e+00  -7.9463840e+00   1.3553741e+01
  -2.9063795e+00  -1.7463343e+00   6.2306392e+00   3.8004153e+00  -2.7314547e+00
   7.3757896e+00  -4.5870661e+00  -1.3138339e+01   3.1311065e+00   1.1904934e+01
  -8.8071167e+00  -5.1024155e+00  -5.5451331e+00  -2.7578893e+00  -4.3328052e+00
  -1.2304054e+01  -9.4041456e+00  -5.1323114e+00   1.1990245e+01   7.7078688e-01
  -2.2234565e+00   2.5197004e+00   4.0763952e+00  -1.5086151e+00   2.4399158e-01
   2.2812588e+00  -9.3703588e+00  -1.0636595e+01   2.0855954e+00  -3.7761806e+00
   4.3344433e+00  -5.8048565e+00  -1.0143696e+01   1.6513913e+01  -2.0077075e+00
  -8.9083134e+00  -2.0624434e+00   1.2728801e+01  -1.0570155e+01  -8.9609531e+00
  -2.0717236e+00  -4.8343774e+00   6.3387851e+00  -2.4143150e-01  -7.7194016e+00
  -1.2402092e+01  -3.8020060e+00   1.1030333e+01   7.0255121e+00  -1.3831151e+00
  -5.8190816e+00   1.0440091e+01  -3.8303884e+00  -9.0746581e+00  -9.3037675e+00
  -4.0685438e+00  -6.5250475e+00  -5.0786280e+00  -3.0988900e+00  -7.7705457e+00
   2.4049577e+00  -7.6127788e+00  -2.4344290e+00   9.7200532e+00  -8.7234959e+00
  -5.9166786e+00  -6.0193669e+00   9.3244572e+00  -5.7158459e+00   5.0871241e+00
   4.9345206e+00  -4.0372636e+00   1.2753872e+00  -3.4843493e-01  -5.1146444e+00
   1.6762033e+01  -1.7406049e-01   3.3298073e+00  -1.1254181e+01   9.8362326e-01
  -4.3256919e+00   7.1715208e+00  -2.0372066e+00   1.6314701e+00   1.2639248e+00
  -7.8182948e+00  -3.4586145e+00   2.9638112e+00  -2.3853906e+00   6.1249778e+00
  -7.9529266e+00  -2.8149919e+00   1.7211810e+01  -8.9923851e+00  -4.8141107e-01
  -3.1585065e+00  -5.2283688e+00  -1.5092034e+01  -6.3396703e+00   8.2972789e+00
   5.9619074e+00  -1.8185571e+00  -9.9321165e+00  -1.9779004e+00  -1.2600777e+00
  -5.4683592e+00  -1.2271846e+01  -4.6819933e+00  -2.8808876e+00   1.3597284e+00
  -5.0319748e+00   7.1710477e+00   1.1244057e+01  -1.0646999e+01  -1.8516959e+00
  -1.2563391e+01   3.9937955e+00  -2.7247181e+00  -7.6828372e-02  -2.4700550e+00
   4.0173735e+00   9.0089223e+00  -3.1637058e+00   3.0656903e+00   7.9859208e-01
   6.5515032e+00  -1.8584424e+01   1.5688771e+01  -1.0408317e+01   2.5767488e+00
  -3.1096382e+00  -6.6980475e+00   1.0863164e+00   6.0405724e+00  -1.0617455e+01
  -2.7750091e+00   8.4578592e+00  -1.8000770e+01  -5.0856489e+00   8.9166748e+00
   1.2141230e+01  -4.9979685e+00   2.6258239e+00  -1.1862906e-01  -2.3820152e+00
   1.7664407e+00  -3.6255699e+00  -1.4156054e+01   1.1277486e+01  -8.1125227e-01
  -1.5439572e+00   2.9103802e+00  -8.0342057e+00   4.1818929e+00   5.1820488e-01
   5.5881202e+00   1.8520724e-01   4.8088389e+00  -1.1691820e+01  -8.6441517e+00
  -1.2485272e+01  -5.9445308e+00  -8.8007019e-01   1.3590718e+01  -6.9480097e+00
  -3.6209562e-01   1.5327248e+01   2.5459653e+00  -1.2048388e+00   3.4399958e+00
  -2.6592484e+00  -1.9983749e+00  -1.1133597e+01   5.3334451e+00   5.9653345e+00
   7.2114465e+00  -1.5225675e+01   8.6822010e+00   3.8032899e+00  -5.0794752e+00
   4.9480694e+00   1.5154522e+00  -1.5624505e+01   1.4339920e+00   1.1289657e+01
  -9.2458721e+00   1.2068637e+01   1.0823103e+01  -4.9075723e+00  -8.8951372e-02
   6.4559973e+00  -6.7983532e+00   9.1310520e-01   2.4130367e+00   5.5415244e+00
   8.2980233e+00  -5.4331353e+00  -3.7831627e+00   3.1618438e+00  -3.9783619e+00
   5.9387254e+00   2.7725649e+00   1.6843924e-01  -5.6565687e+00   5.3450478e+00
  -2.8852369e+00  -7.9222695e-01  -7.9981821e+00   8.6748516e+00   4.8218535e+00
  -1.2126446e+01   1.5398852e+01  -1.1708564e+01   5.2660012e+00   1.1042536e+00
  -6.1834197e+00   1.1646767e+00  -1.0777999e+01   8.6467796e+00   3.5209816e+00
  -3.9884779e+00   8.9300669e-01   1.4929357e+01  -4.2023872e+00   1.6429867e+01
  -1.0016577e+00  -1.7305158e+01   4.4820435e+00   8.8669386e-01  -2.1807880e+00
   4.1871616e+00   7.7335098e-01   2.3303102e+00   1.4601663e+01   6.0047943e+00
  -2.4914203e+00  -1.8336526e+01   4.2738217e+00  -1.6187629e+00  -3.8093367e+00
   4.6087722e+00   8.8562313e+00  -9.3665865e+00   6.5148961e-02   7.5646747e+00
   9.9551445e+00   1.7149730e+00  -1.0118334e+01   1.0884247e+01   3.5679802e+00
  -1.4866302e+01   4.5504281e+00  -4.9035027e+00  -2.2264082e+00  -7.9355618e+00
  -1.5288225e+01  -8.7588752e+00   6.7772971e+00   2.1664532e+00   5.4898675e-01
   1.0149856e+01  -1.2499895e+01   5.2035775e+00  -7.8677316e+00   8.0521048e+00
   1.3302969e+01   7.2214203e+00  -2.0191542e+00   3.1640889e+00   4.4503813e+00
  -1.2696760e+00  -4.3860886e+00  -1.1587691e+00   4.7457898e+00   1.2413158e+01
  -2.1180692e+00  -1.1432395e+01  -8.8862002e-01  -5.7898085e+00   6.2587696e+00
  -1.2327187e+01   1.1300984e+01  -2.3967533e+00   1.5772971e+01   6.0266492e+00
   1.8887490e+00   6.9317970e-01   6.9636494e+00  -1.5909989e+01   6.9641239e+00
  -4.7347897e+00   1.2416213e+00  -3.1100453e-02   4.0297307e+00  -3.9386847e+00
   1.3499683e+01  -9.5963115e+00   2.0230874e+01  -3.7443545e+00  -1.3110133e+00
   7.8257047e+00  -1.4873006e+01   3.2165567e+00   3.9632834e+00  -4.8467930e+00
   2.0268829e+00   1.6759016e+00  -5.7926940e+00   9.8365348e+00   1.1119729e+00
   5.1384438e+00  -1.1426219e+01   9.6538538e+00   1.4802692e+01   9.8746139e+00
  -1.8268623e+01   5.3040579e+00  -1.0451989e+01   6.2706217e+00   1.2050827e+01
  -5.3756578e+00   4.9948795e+00   1.1458254e+01   1.6883057e+00  -3.5995139e+00
   3.2477940e+00   7.5598360e-01   1.4810278e+01  -1.0534149e+01   1.3413589e+00
  -3.7687569e+00   2.1663559e+01  -1.3477211e+01  -1.8659899e+00  -2.9786875e+00
  -1.0653932e+01   8.9931725e+00  -1.7929933e+00  -8.2932924e+00  -6.8272474e+00
  -3.4466629e-02  -3.0074010e+00   1.3173953e+00  -5.3828959e+00  -4.8013581e+00
   5.9694853e+00  -1.7546800e+01  -6.2678576e-01   4.2023264e+00   2.7202110e+00
  -6.8131005e+00  -1.9469718e+00  -6.9929695e+00  -9.2075413e+00   1.5775677e+00
  -2.3919154e+00  -1.8134452e+00  -2.3756896e+00  -3.3837910e+00   7.2611162e+00
   6.0639331e+00   5.6440200e+00   6.6718147e+00  -1.0099182e+01  -1.7007444e+00
  -9.7476659e+00   2.2359015e+00   2.3567425e+00   2.6579187e+00  -1.2968676e+01
  -2.7545345e+00  -1.1968680e+01   6.6576497e+00  -3.8742364e+00  -5.2443051e+00
  -1.4156891e+01  -5.7730517e+00  -8.8298015e+00   2.1433667e+00   7.9017824e+00
   3.7001700e+00   3.0382394e+00  -4.1791457e+00   3.5132961e+00  -1.1064659e+01
  -5.0544990e+00   2.0289254e+00  -1.0601525e+00   1.0026496e+01  -5.0286552e+00
   9.6880961e+00   2.9059077e+00  -7.5139990e+00   1.7567674e+01  -2.5920659e+00
   5.2758598e+00  -3.0369995e+00  -1.2352337e+00   1.9753735e+00   5.4610148e+00
  -1.4850358e+01   7.1781006e+00   8.4737317e+00  -3.2258758e+00  -3.7020632e+00
   4.9119616e+00  -1.5105136e+00   6.8064901e+00  -3.8570150e+00   5.7094858e+00
  -7.2601069e+00  -1.6406544e-01   2.9240476e+00  -1.1633547e+00  -5.3235520e+00
   2.2879688e+00  -2.4918435e+00   1.0340183e+01  -1.7757728e+01   7.6582912e+00
  -9.6931882e+00  -5.6121765e+00   3.1581088e+00   1.0492457e+01  -1.3386819e+00
  -1.9625023e+00  -6.3069221e+00  -4.9580691e+00   1.6858438e+01  -1.4765941e+01
  -7.3324640e+00   1.3576618e+01   7.7628704e-02   2.2327720e+00   8.3688210e+00
  -1.4329541e+01   3.3064195e+00   1.1057082e+01   6.0794969e-01  -1.1782317e-01
  -1.4179704e+01  -3.7909619e+00  -1.3930674e+01   6.6556517e+00  -3.0035943e+00
  -3.0904534e-01   4.2510180e+00   1.1051287e+01  -3.9734242e+00  -6.4530021e+00
   7.9372503e+00   5.2382110e+00   4.4774269e-01  -1.2465682e+00  -5.8504896e+00
  -8.1701742e+00   8.0149228e+00  -1.0059684e+00  -2.4003016e+00  -6.6002803e-01
  -1.4073105e+00  -1.6876993e+00   2.0755065e+00   1.8169743e+01   9.1147393e-01
   1.0939206e+01   8.6528315e+00   3.6923324e+00  -9.0569268e+00   9.7266849e+00
   7.7360482e-01  -1.5413059e+00  -3.6652503e+00  -9.2405116e+00   3.8174147e+00
  -3.3074838e+00  -6.2090821e+00   1.4415010e+01  -8.1335275e+00  -4.4040338e-01
   3.6521791e-01   7.5694484e+00   2.0790078e+00  -5.9912429e+00   6.8214123e+00
  -1.3099453e+01   4.4600761e-01   4.7345894e+00  -1.3662453e+01  -8.3192645e+00
   5.2632131e-01   6.9356128e+00   3.3057687e+00  -1.2291087e+01   1.0243869e+01
  -1.3956473e+01   1.0634440e+01  -2.0472461e+00   2.9042668e-01  -1.1471083e+01
   1.0700197e+01  -4.3029061e+00  -8.3640173e-01   1.0727029e+01  -6.8262014e+00
   1.5538369e+00   5.4998442e+00   5.2626796e+00   6.1129479e+00  -4.8666540e+00
  -2.1356183e+00   6.1410115e+00   7.5338170e+00  -8.0297508e+00  -8.6107305e+00
  -9.4795745e+00   1.4022564e+01  -7.2369704e+00   9.7256625e+00  -6.8289147e+00
   4.9483000e+00  -3.1969801e+00   2.6484462e+00   7.9901130e+00  -1.8852299e+00
  -4.2829294e+00  -6.0110558e+00  -3.3409148e+00   5.7883174e+00   6.9989391e+00
  -2.1460778e+00   6.9728628e+00  -7.6251015e+00   4.5523708e+00  -5.0219410e+00
   2.1473182e+00   4.5288719e+00  -9.4307327e+00   1.0630809e+00   3.2331431e-01
  -2.7735890e+00  -7.6308614e+00   2.3820463e-01  -5.0739761e+00   5.6965887e+00
  -7.6295016e+00   1.6743487e+00   9.5980061e-01   9.0401477e+00  -3.9981361e+00
  -1.2143149e+01   1.0860324e+01  -4.2032446e+00   1.1643938e+00  -8.9107264e+00
   4.7666383e+00  -3.2407306e+00   1.0940686e+01   2.5783650e+00  -1.2801855e-01
  -1.1319259e+01   9.0442462e-01   4.7635702e+00   3.8263222e+00  -1.8902781e+01
  -5.3697851e+00   1.9285327e+01   3.9528658e+00  -6.7916340e+00   6.9523469e+00
  -6.4875808e-01   1.2441925e+00   3.0311212e+00  -1.0533134e+01   8.1175176e+00
   1.7091355e+00   6.0433628e+00  -1.0976250e+01  -1.1725278e+01  -4.1550059e-01
   4.7268586e+00   1.7361287e+00   7.8695361e+00  -7.3802405e+00  -2.4967951e+00
  -3.1036402e+00  -2.1838439e+00  -1.0439857e+01   3.2870993e+00  -3.2233237e+00
   7.4487549e+00   5.8264810e+00   1.2369562e+00   1.3471713e+01  -8.7703778e-01
   3.8272464e+00   1.1929474e+01  -5.8141782e+00  -9.2966666e+00   7.1145689e+00
  -6.6250254e+00  -2.4605603e+00  -1.7576488e-01  -1.2003066e-02  -1.7724956e-01
  -2.7829499e+00  -1.4443608e+01   5.7460931e+00  -3.5797306e+00   3.3419243e+00
  -7.8894637e+00   1.7258257e+01  -1.7618986e+00  -7.1955580e+00   3.0613988e+00
   6.7322732e+00  -2.2117123e+00   1.1859308e-01   1.4826885e+00  -2.2940976e+00
  -7.7249306e+00   4.5829613e+00  -3.3986363e+00   8.8645807e+00  -3.0071682e+00
  -5.7186014e+00   1.0404967e+01   6.5242316e+00   1.3231468e+01  -2.7512490e+00
  -7.7793475e+00   5.0648188e+00  -4.1060826e+00   4.1967847e-03  -2.9033528e+00
   7.4594358e+00  -9.1915879e+00  -3.5510868e+00   6.0780542e+00   1.5305584e+00
   1.2112124e+01   5.0106030e+00   4.2538885e+00  -1.2631943e+01   2.3195146e+00
   5.6768559e+00   3.7630114e+00   9.8315874e+00  -2.9953694e+00   9.5936177e+00
  -7.7338170e+00  -2.2056164e+00   4.7183376e+00   1.8226227e+01  -1.2263301e+00
  -2.0254260e-01   5.8517191e-01   4.4063514e+00  -8.1242241e+00   1.3629898e+01
   7.6189274e+00  -1.6759783e+00   1.4501763e+01  -4.8710548e+00  -1.8845043e+00
   2.7431469e+00   5.7395336e+00  -8.3262095e+00  -1.2378340e+01  -3.3495902e+00
   7.6765835e+00   7.5093012e+00  -1.0143669e+01  -1.1317096e+00  -1.4419400e+00
  -7.2665547e+00  -1.7465611e+00   3.7595870e+00  -3.8719411e+00   1.5471222e+00
   2.7227610e+00   7.7437269e+00   1.3605641e+01  -1.0021820e+01   1.8320052e+00
   6.0743410e+00  -3.7041937e+00  -4.9846381e+00   7.1992337e+00   5.6967159e+00
   6.0861293e+00   8.4030808e+00   9.5327778e+00  -1.9979906e+00   6.1796541e+00
   2.3125987e+00  -4.5517724e+00   9.9091335e+00   1.8444823e+00  -4.3420404e+00
  -2.9309281e+00  -4.8516276e+00   4.4872603e+00  -1.1687846e+01   6.0025462e+00
   1.9661094e+00   7.1036055e+00   1.0957152e+01  -1.2568954e+01  -5.9983329e-01
   4.6354971e+00   3.1513515e+00  -7.0452227e+00  -7.5990334e+00   5.4667892e+00
  -2.1893297e+00  -2.1982296e+00  -1.0009984e+01   1.1710273e+00   1.6963502e+00
   5.4399724e+00   1.5017576e+01  -2.4639539e+00  -1.9010566e+00  -1.1255653e+00
  -8.9418188e+00   6.8647259e+00   1.3127671e+01  -1.4395861e+01  -8.8303661e-01
   3.4891328e+00   7.2266344e+00  -1.2862921e+01   1.8134364e+01   6.2613830e+00
  -6.3873823e+00   5.0812590e+00  -3.2932085e-01   2.6864528e+00  -4.2959069e+00
   1.3356722e+00  -1.3690155e+00   7.4468527e+00  -1.5999020e+01  -7.8556061e+00
   9.8063042e+00   2.8946848e+00   2.1189737e+01  -9.1436811e+00  -3.4447334e+00
  -8.0849637e+00   3.6091955e+00   1.2312742e+01   5.4064175e+00  -9.9287475e+00
  -5.2421351e-01  -1.1310549e+01  -5.3092136e+00   1.0927841e+01  -1.1874955e+00
  -3.1890744e+00  -8.7955085e+00  -1.1094762e+01  -4.3514363e+00  -3.0708529e+00
   3.5881673e+00  -2.5728882e+00  -9.7498221e+00  -4.5558786e+00  -1.5637520e+01
   1.9560444e+00   4.6849382e+00   3.6991843e+00   1.0982718e+00  -9.0832067e+00
